30
22 25
19 2
9 24
29 2
16 18
3 0
0 4
9 27
20 4
8 7
2 10
18 29
3 0
7 26
13 7
18 5
2 7
29 12
24 20
14 2
8 17
2 0
13 11
20 26
8 20
3 10
22 14
1 17
14 0
13 20
8 2
17 2
1 17
6 25
7 12
19 8
22 22
8 5
3 20
1 3
10 5
14 2
19 15
19 25
8 3
15 16
27 25
10 20
12 17
8 11
29 27
11 21
19 20
19 15
10 20
18 21
17 2
15 28
10 5
24 18
0 1
26 27
26 6
9 0
15 17
4 7
15 15
20 4
27 9
11 8
0 0
21 9
24 28
8 4
3 24
14 25
25 10
14 14
9 24
6 16
11 10
23 26
18 14
23 15
15 4
15 15
4 6
25 29
5 25
25 0
19 10
26 6
12 10
12 13
4 19
0 16
21 15
4 9
21 27
25 7
2 2
14 6
9 1
27 6
26 23
28 7
25 24
14 7
27 26
21 23
15 13
9 29
28 14
8 12
3 25
11 5
28 25
4 29
19 1
27 15
16 25
23 11
12 29
19 1
25 2
24 3
15 26
2 5
2 2
9 5
20 20
3 10
16 7
9 5
8 28
12 25
15 27
28 19
26 17
20 14
19 7
9 26
25 11
24 27
5 3
24 25
24 27
27 2
4 28
7 5
26 11
22 12
9 20
23 27
0 14
11 11
13 20
0 8
23 24
27 21
27 21
8 13
11 6
15 7
4 22
4 1
26 18
5 5
9 28
2 1
4 6
12 9
18 12
17 4
6 6
25 26
20 3
9 1
9 25
0 6
9 5
29 5
23 4
2 24
24 27
25 21
25 0
0 13
12 10
17 11
16 4
29 6
8 0
29 9
17 0
15 27
27 14
24 20
10 19
7 27
16 24
18 11
24 10
16 29
20 4
2 29
8 1
5 8
23 27
18 11
27 3
8 16
10 24
28 20
13 5
17 21
0 5
2 16
8 19
15 28
15 9
19 15
2 17
24 26
14 4
7 3
29 7
19 9
1 17
0 7
15 9
28 7
7 23
23 15
4 1
5 19
2 25
26 5
12 12
1 26
8 8
29 8
15 10
17 8
19 9
7 4
19 6
11 26
21 27
11 25
20 16
6 22
11 24
19 23
7 20
11 15
20 2
23 27
12 3
6 2
12 5
28 23
3 2
19 24
29 22
19 11
1 17
25 12
12 15
28 19
27 1
26 18
4 12
15 8
15 13
10 19
19 9
5 22
11 16
17 2
9 28
5 10
16 0
14 28
15 4
9 13
6 27
23 2
9 8
10 16
14 13
28 3
22 3
17 25
19 26
19 20
25 24
0 3
16 7
23 2
3 24
7 1
21 22
3 23
0 6
9 6
19 29
9 3
2 27
20 14
15 9
4 10
25 27
5 11
26 20
5 29
14 4
1 28
26 26
21 19
2 22
25 13
22 27
8 16
16 28
0 1
29 27
4 24
16 1
28 12
22 3
3 6
8 4
4 26
23 25
7 17
18 3
23 2
22 1
18 8
0 11
1 29
0 27
16 16
29 14
28 21
9 23
27 9
20 24
6 13
11 13
22 21
8 15
23 22
17 4
22 9
15 24
0 15
21 16
23 20
22 13
3 2
6 1
11 26
17 17
1 28
23 24
20 23
9 13
16 18
17 0
27 24
24 28
1 8
6 24
20 29
7 24
23 14
17 4
2 4
14 4
2 29
20 22
22 21
28 0
10 15
23 29
10 17
19 11
17 26
28 8
17 5
24 10
11 11
6 14
15 20
10 17
19 0
2 4
21 0
26 23
7 19
23 9
29 4
13 16
22 11
16 9
8 10
11 20
21 18
26 28
8 28
8 20
28 10
16 19
10 12
5 9
2 28
19 23
2 2
9 25
13 18
26 21
28 8
3 12
18 29
2 18
27 10
8 17
20 24
29 22
29 4
2 23
24 21
16 26
23 17
13 28
5 2
19 4
2 23
8 20
14 10
8 4
21 9
21 3
25 12
18 24
16 20
17 10
3 25
29 18
13 4
16 18
6 27
14 8
20 22
28 27
25 29
23 8
0 14
11 25
27 29
12 5
11 29
16 14
25 7
2 0
11 10
18 18
8 3
26 20
17 17
17 12
8 10
12 8
17 16
3 6
15 15
11 19
7 19
25 24
18 20
24 0
0 12
10 8
7 6
29 25
15 8
29 23
11 12
23 20
28 27
26 5
4 29
16 3
11 12
27 29
2 13
21 24
18 1
3 17
0 24
12 15
24 4
1 5
8 24
17 28
13 5
25 18
27 12
13 8
16 3
29 18
16 21
4 26
22 7
14 14
23 18
22 10
22 23
7 22
9 25
20 23
0 16
3 27
20 16
27 6
19 19
16 28
2 20
24 24
20 0
1 5
19 23
15 11
16 23
4 17
18 16
2 10
2 5
0 14
14 19
20 25
8 28
15 10
19 2
27 1
2 28
6 21
21 14
25 29
7 21
8 17
7 11
19 2
8 19
16 14
9 29
10 9
27 17
12 8
19 9
9 14
29 8
5 12
22 22
